4294967279,112
4294967279,111
4294967279,110
4294967279,109
4294967279,121
4294967279,120
4294967279,119
4294967279,118
4294967279,117
4294967279,116
4294967279,115
4294967279,114
4294967279,113
4294967278,288
4294967279,283
4294967278,287
4294967278,286
4294967279,282
4294967278,276
4294967278,285
4294967279,268
4294967278,284
3,4
4294967279,281
3,3
3,2
3,1
4294967279,280
4294967278,274
4294967294,187
4294967294,83
4294967279,279
4294967278,273
4294967278,4
4294967279,132
4294967279,131
4294967279,130
4294967279,129
4294967279,128
4294967279,127
4294967279,126
4294967279,125
4294967279,124
4294967279,123
4294967279,122
4294967294,390
4294967279,278
4294967278,271
4294967294,9
4294967278,269
4294967278,283
4294967279,277
4294967294,61
4294967294,31
4294967279,276
4294967278,282
4294967279,263
4294967278,15
4294967278,14
4294967278,13
4294967278,11
4294967278,10
4294967278,9
4294967278,8
4294967278,7
4294967278,6
4294967278,5
4294967278,281
4294967278,12
4294967278,36
4294967278,35
4294967278,34
4294967278,33
4294967278,32
4294967278,31
4294967278,30
4294967278,29
4294967278,28
4294967278,27
4294967278,26
4294967278,25
4294967278,24
4294967278,23
4294967278,22
4294967278,21
4294967278,20
4294967278,19
4294967278,18
4294967278,17
4294967278,16
4294967294,81
4294967279,275
4294967279,261
4294967279,274
4294967279,260
4294967279,0
4294967294,7
4294967278,280
4294967294,6
4294967294,94
4294967294,93
4294967294,96
4294967294,95
4294967279,258
2,4
2,3
2,2
2,1
4294967279,257
4294967294,8
0,7
4294967294,437
4294967294,45
4294967294,427
4294967294,44
4294967294,424
4294967294,53
4294967294,91
4294967294,90
4294967294,88
4294967294,87
4294967294,86
4294967294,85
4294967294,84
4294967294,1098
4294967294,46
4294967294,42
4294967294,43
4294967294,388
4294967294,52
4294967294,116
4294967294,184
4294967294,384
4294967294,188
4294967294,185
4294967294,11
4294967278,37
4294967279,15
4294967279,13
4294967279,12
4294967294,69
4294967279,256
4294967294,68
4294967294,12
4294967294,5
4294967294,106
4294967294,175
4294967294,183
4294967294,176
4294967294,441
4294967294,426
4294967294,428
4294967294,429
4294967278,260
4294967278,0
0,5
4294967279,255
4294967294,535
4294967294,445
4294967294,442
4294967294,519
4294967294,422
4294967294,425
4294967294,431
4294967294,103
4294967294,66
4294967294,166
4294967294,168
4294967294,161
4294967294,165
4294967294,24
4294967294,113
4294967294,36
4294967294,115
4294967294,387
4294967294,112
4294967294,167
4294967294,162
4294967294,92
4294967294,35
4294967294,22
4294967294,17
4294967294,67
4294967294,99
4294967294,76
4294967294,41
4294967294,120
4294967294,417
4294967294,51
4294967294,450
4294967294,444
4294967294,421
4294967294,82
4294967278,132
4294967278,131
4294967278,130
4294967278,129
4294967278,128
4294967278,127
4294967278,126
4294967278,125
4294967278,124
4294967278,123
4294967278,122
4294967278,121
4294967278,120
4294967278,119
4294967278,118
4294967278,117
4294967278,116
4294967278,115
4294967278,114
4294967278,113
4294967278,112
4294967278,111
4294967278,110
4294967278,109
4294967278,108
4294967278,107
4294967278,106
4294967278,105
4294967278,104
4294967278,103
4294967278,102
4294967278,101
4294967278,100
4294967278,99
4294967278,98
4294967278,97
4294967278,96
4294967278,95
4294967278,94
4294967278,93
4294967278,92
4294967278,91
4294967278,90
4294967278,89
4294967278,87
4294967278,86
4294967278,85
4294967278,84
4294967278,83
4294967278,82
4294967278,81
4294967278,80
4294967278,79
4294967278,78
4294967278,77
4294967278,76
4294967278,75
4294967278,74
4294967278,73
4294967278,72
4294967278,71
